   9.1759673626730709e-02   7.2641584115928448e-01   2.4039076755648692e-01   3.9241236518682216e-03  -3.6817684312711185e-01   1.3354189182855339e-01   8.3290838901014570e-06   3.7568162496071431e-04   1.2276819258879996e-04  -9.9478201980293668e-05
   7.2641584115928448e-01   3.4110225080697942e-02   5.2812035585694118e-02   1.4703459406077863e-02   1.0038400158924534e-02   6.8426524111289533e-01   2.7983116078573124e-05  -1.8098161161520510e-04   1.6113767531853937e-05  -1.3066294345533906e-04
   2.4039076755648692e-01   5.2812035585694118e-02   4.2471089309765592e-02   3.3948888828084989e-01   3.5336127922433552e-01   5.0159363933978873e-01   1.6626573308569251e-03   1.8989742369053717e-03   7.0024195042031888e-05   4.4258831870654574e-04
   3.9241236518682216e-03   1.4703459406077863e-02   3.3948888828084989e-01   7.6441658957094073e-03   1.3855379136381413e-01   6.3922046116941644e-01   1.1317333483133519e-03   3.7353638416206055e-03   3.3860143273107396e-04   7.3436016856233861e-03
  -3.6817684312711185e-01   1.0038400158924534e-02   3.5336127922433552e-01   1.3855379136381413e-01   1.2932170775318452e-02   5.6597656457725321e-01  -5.2043484939191418e-04  -3.4316171689091038e-04  -4.8143177150519458e-06  -2.2979598427855358e-04
   1.3354189182855339e-01   6.8426524111289533e-01   5.0159363933978873e-01   6.3922046116941644e-01   5.6597656457725321e-01   1.3649273763530298e-02  -5.2754914333499588e-04   1.0290007761667764e-03   3.2830706714656762e-04   7.7666568517490212e-04
   8.3290838901014570e-06   2.7983116078573124e-05   1.6626573308569251e-03   1.1317333483133519e-03  -5.2043484939191418e-04  -5.2754914333499588e-04   2.9487678643322610e-02   3.6826682661256034e-03   4.8662731194669873e-04   1.1899706837141875e-03
   3.7568162496071431e-04  -1.8098161161520510e-04   1.8989742369053717e-03   3.7353638416206055e-03  -3.4316171689091038e-04   1.0290007761667764e-03   3.6826682661256034e-03   2.8868691448949588e-02   1.2844521918396035e+00   9.2934553745093207e-01
   1.2276819258879996e-04   1.6113767531853937e-05   7.0024195042031888e-05   3.3860143273107396e-04  -4.8143177150519458e-06   3.2830706714656762e-04   4.8662731194669873e-04   1.2844521918396035e+00   4.3070941431401472e-02   3.1889080157460314e-04
  -9.9478201980293668e-05  -1.3066294345533906e-04   4.4258831870654574e-04   7.3436016856233861e-03  -2.2979598427855358e-04   7.7666568517490212e-04   1.1899706837141875e-03   9.2934553745093207e-01   3.1889080157460314e-04   1.9270195722280812e-02
