   9.1759673626730737e-02   7.2641584115928415e-01   2.4039076755648697e-01   3.9241236518682346e-03  -3.6817684312711091e-01   1.3354189182855328e-01   8.3290838901005422e-06   3.7568162496071100e-04   1.2276819258879993e-04  -9.9478201980294589e-05
   7.2641584115928415e-01   3.4110225080697970e-02   5.2812035585694209e-02   1.4703459406077903e-02   1.0038400158924812e-02   6.8426524111289444e-01   2.7983116078573423e-05  -1.8098161161520489e-04   1.6113767531854147e-05  -1.3066294345533925e-04
   2.4039076755648697e-01   5.2812035585694209e-02   4.2471089309765606e-02   3.3948888828084972e-01   3.5336127922433525e-01   5.0159363933978940e-01   1.6626573308569220e-03   1.8989742369053709e-03   7.0024195042032010e-05   4.4258831870654526e-04
   3.9241236518682346e-03   1.4703459406077903e-02   3.3948888828084972e-01   7.6441658957094290e-03   1.3855379136381391e-01   6.3922046116941433e-01   1.1317333483133469e-03   3.7353638416205990e-03   3.3860143273107342e-04   7.3436016856233749e-03
  -3.6817684312711091e-01   1.0038400158924812e-02   3.5336127922433525e-01   1.3855379136381391e-01   1.2932170775318488e-02   5.6597656457725265e-01  -5.2043484939191256e-04  -3.4316171689090821e-04  -4.8143177150519475e-06  -2.2979598427855152e-04
   1.3354189182855328e-01   6.8426524111289444e-01   5.0159363933978940e-01   6.3922046116941433e-01   5.6597656457725265e-01   1.3649273763530333e-02  -5.2754914333499414e-04   1.0290007761667736e-03   3.2830706714656789e-04   7.7666568517490483e-04
   8.3290838901005422e-06   2.7983116078573423e-05   1.6626573308569220e-03   1.1317333483133469e-03  -5.2043484939191256e-04  -5.2754914333499414e-04   2.9487678643322641e-02   3.6826682661256008e-03   4.8662731194669878e-04   1.1899706837141880e-03
   3.7568162496071100e-04  -1.8098161161520489e-04   1.8989742369053709e-03   3.7353638416205990e-03  -3.4316171689090821e-04   1.0290007761667736e-03   3.6826682661256008e-03   2.8868691448949609e-02   1.2844521918396024e+00   9.2934553745093118e-01
   1.2276819258879993e-04   1.6113767531854147e-05   7.0024195042032010e-05   3.3860143273107342e-04  -4.8143177150519475e-06   3.2830706714656789e-04   4.8662731194669878e-04   1.2844521918396024e+00   4.3070941431401541e-02   3.1889080157461431e-04
  -9.9478201980294589e-05  -1.3066294345533925e-04   4.4258831870654526e-04   7.3436016856233749e-03  -2.2979598427855152e-04   7.7666568517490483e-04   1.1899706837141880e-03   9.2934553745093118e-01   3.1889080157461431e-04   1.9270195722280840e-02
