        0   1.0000   0.7080   0.1128   0.9774   0.8373   0.0050   0.0097   0.0026   0.0035
   1.0000        0   0.2004   0.0566   0.3084   0.9992   0.0029   0.0071   0.0014   0.0027
   0.7080   0.2004        0   0.8385   0.7720   0.9604   0.0140   0.0191   0.0019   0.0074
   0.1128   0.0566   0.8385        0   0.3882   1.0000   0.0092   0.0245   0.0033   0.0248
   0.9774   0.3084   0.7720   0.3882        0   0.9976   0.0096   0.0165   0.0022   0.0067
   0.8373   0.9992   0.9604   1.0000   0.9976        0   0.0145   0.0261   0.0048   0.0133
   0.0050   0.0029   0.0140   0.0092   0.0096   0.0145        0   0.0285   0.0046   0.0093
   0.0097   0.0071   0.0191   0.0245   0.0165   0.0261   0.0285        0   0.9999   1.0000
   0.0026   0.0014   0.0019   0.0033   0.0022   0.0048   0.0046   0.9999        0   0.0183
   0.0035   0.0027   0.0074   0.0248   0.0067   0.0133   0.0093   1.0000   0.0183        0
